(0 1)   (2 3)   (4 5)   (6 7)   (8 9)   (10 11)   (12 13)   (14 15)

*******************************************************************
NOTE: make sure that coordinate being permutated is != to itself...
*******************************************************************

//permutation variations for last (8th) coordinate cycled
(0 1) && (2 3)     (4 5) && (6 7)     (8 9) && (10 11)     (12 13) && (14 15)
(0 1) && (2 3)     (4 5) && (6 7)     (8 9) && (14 15)     (12 13) && (10 11)
(0 1) && (2 3)     (4 5) && (6 7)     (14 15) && (10 11)   (12 13) && (8 9)
(0 1) && (2 3)     (4 5) && (14 15)   (8 9) && (10 11)     (12 13) && (6 7)
(0 1) && (2 3)     (14 15) && (6 7)     (8 9) && (10 11)   (12 13) && (4 5)
(0 1) && (14 15)     (4 5) && (6 7)     (8 9) && (10 11)   (12 13) && (2 3)
(14 15) && (2 3)     (4 5) && (6 7)     (8 9) && (10 11)   (12 13) && (0 1)

//permutation variations for second-to-last (7th) coordinate cycled
(0 1) && (2 3)     (4 5) && (6 7)     (12 13) && (10 11)   (8 9) && (14 15)
(0 1) && (2 3)     (4 5) && (12 13)   (8 9) && (10 11)     (6 7) && (14 15)
(0 1) && (2 3)     (12 13) && (6 7)   (8 9) && (10 11)     (4 5) && (14 15)
(0 1) && (12 13)   (4 5) && (6 7)     (8 9) && (10 11)     (2 3) && (14 15)
(12 13) && (2 3)   (4 5) && (6 7)     (8 9) && (10 11)     (0 1) && (14 15)

//permutation variations for 6th coordinate cycled
(0 1) && (2 3)     (4 5) && (10 11)   (8 9) && (6 7)     (12 13) && (14 15)
(0 1) && (2 3)     (10 11) && (6 7)   (8 9) && (4 5)     (12 13) && (14 15)
(0 1) && (10 11)     (4 5) && (6 7)   (8 9) && (2 3)     (12 13) && (14 15)
(10 11) && (2 3)     (4 5) && (6 7)   (8 9) && (0 1)     (12 13) && (14 15)

//permutation variations for 5th coordinate cycled
(0 1) && (2 3)     (8 9) && (6 7)     (4 5) && (10 11)     (12 13) && (14 15)
(0 1) && (8 9)     (4 5) && (6 7)     (2 3) && (10 11)     (12 13) && (14 15)
(8 9) && (2 3)     (4 5) && (6 7)     (0 1) && (10 11)     (12 13) && (14 15)

//permutation variations for 4th coordinate cycled
(0 1) && (6 7)     (4 5) && (2 3)     (8 9) && (10 11)     (12 13) && (14 15)
(6 7) && (2 3)     (4 5) && (0 1)     (8 9) && (10 11)     (12 13) && (14 15)

//permutation variations for 3rd coordinate cycled
(0 1) && (4 5)     (2 3) && (6 7)     (8 9) && (10 11)     (12 13) && (14 15)

//permutation variations for 2nd coordinate cycled
	- redundant
//permutation variations for 1st coordinate cycled
	- redundant