32
30
23
26
30
18
46
26
23
49
24
44
28
21
39
23
39
20
30
46
32
34
38
20
22
12
20
13
44
40
46
32
25
34
38
25
47
27
22
28
21
37
46
38
41
15
11
47
45
14
14
16
14
43
16
22
33
42
50
24
30
50
27
36
12
28
16
50
11
24
28
31
43
27
27
28
22
40
10
22
16
23
30
35
14
40
47
28
11
17
22
40
12
39
50
28
43
20
36
26
17
38
17
12
39
41
18
29
34
18
45
47
35
10
14
50
40
34
33
43
47
38
16
31
43
44
29
21
43
15
35
31
46
17
37
36
35
21
24
24
22
43
29
17
43
22
47
20
13
44
34
17
20
25
23
37
24
49
12
15
44
39
40
42
46
46
39
28
19
37
17
10
32
22
45
28
43
36
43
26
44
15
26
48
27
48
46
36
48
50
13
48
11
34
41
50
27
22
15
49
40
29
48
41
36
17
15
14
45
21
19
26
31
31
16
46
47
28
32
33
15
28
41
36
39
33
15
26
27
11
17
29
34
15
17
22
31
15
47
15
33
37
45
30
17
36
33
34
36
44
50
50
40
13
26
37
27
24
26
18
44
33
42
45
39
47
26
45
29
36
49
49
47
27
16
16
47
15
18
11
31
39
37
40
18
40
49
11
49
19
39
29
45
13
16
48
26
47
29
31
37
30
16
21
12
34
22
18
41
43
10
23
30
10
10
48
46
46
35
32
40
34
34
26
30
45
12
12
10
42
28
17
12
18
40
38
35
30
30
40
38
12
36
47
13
11
40
10
20
23
36
27
19
19
44
18
43
18
16
23
21
41
27
41
22
25
25
42
44
16
24
21
46
47
39
44
40
47
37
43
28
47
37
26
32
30
37
19
37
45
28
44
33
41
48
37
49
50
11
38
10
15
10
30
47
20
36
34
24
46
50
46
39
19
42
22
38
35
12
31
29
22
39
24
29
43
15
19
17
14
31
36
36
42
24
42
35
40
32
44
45
36
13
27
42
20
10
49
31
47
23
33
46
49
26
18
19
29
16
35
45
44
10
22
15
40
15
19
31
35
49
50
25
10
29
34
13
34
37
12
46
38
50
25
34
19
24
13
14
21
46
49
45
11
27
30
17
17
14
46
25
24
25
20
31
28
45
10
29
39
31
41
20
17
10
50
48
13
24
37
24
29
46
29
19
18
14
13
11
35
34
43
36
12
22
10
19
23
25
47
37
48
26
28
37
28
21
25
34
39
27
16
48
28
36
36
45
21
28
26
50
42
26
28
39
16
11
26
50
28
33
49
45
48
10
17
35
39
43
50
29
45
29
20
18
42
28
47
28
33
17
33
29
28
36
16
36
20
33
22
38
32
23
10
39
38
14
12
43
19
26
49
15
47
19
13
37
14
41
48
15
13
36
46
37
22
41
18
42
44
20
37
37
36
32
27
30
12
36
33
33
36
10
13
23
50
19
46
26
22
46
22
20
45
19
31
10
42
36
32
46
13
43
49
18
44
45
38
43
13
45
35
44
12
10
13
24
19
47
19
41
43
11
29
37
31
21
36
26
12
48
36
18
23
27
34
29
50
40
45
32
19
29
42
41
35
21
27
22
39
24
24
10
33
41
42
21
40
27
26
29
12
50
10
29
47
30
33
39
30
38
25
42
37
38
38
22
44
25
22
29
43
31
49
36
13
22
24
48
26
24
40
16
14
49
11
45
35
46
27
27
11
42
18
29
25
17
37
46
32
22
12
16
25
36
18
45
24
26
24
12
26
23
44
15
45
33
49
35
13
44
49
27
37
41
26
26
13
27
19
39
13
30
27
43
23
41
26
23
24
30
16
37
25
14
16
49
41
20
45
10
18
39
50
50
48
24
24
43
24
18
33
12
32
49
44
45
21
45
38
44
36
23
27
25
36
44
42
38
46
10
45
22
43
45
44
45
18
36
21
25
20
28
46
16
17
12
33
13
26
47
39
33
10
32
41
14
42
13
19
17
16
42
40
50
36
49
29
22
33
19
24
14
45
20
19
35
25
11
26
36
22
31
30
43
16
39
13
13
11
21
37
31
26
29
38
15
25
40
44
22
28
13
46
19
42
35
42
25
34
42
41
39
30
19
43
40
15
23
49
23
50
42
36
11
26
12
12
50
39
28
17
18
13
38
40
44
20
12
15
25
12
24
15
38
13
10
15
37
14
47
16
11
17
17
28
36
25
41
48
43
38
42
24
24
17
29
30
33
10
26
24
36
17
49
50
38
17
25
12
25
21
12
47
18
45
33
21
15
45
35
36
49
32
13
49
47
13
36
25
29
48
43
44
18
11
12
46
14
37
35
50
47
20
24
44
28
10
22
27
14
50
20
15
20
17
41
23
50
43
23
24
41
15
26
13
21
47
26
35
46
21
29
12
24
25
31
27
19
17
12
38
22
17
20
45
40
46
42
45
28
38
10
36
42
12
37
16
28
49
35
36
16
41
16
38
41
48
24
36
30
13
46
43
23
14
42
43
17
41
17
27
24
27
46
44
29
48
34
50
38
15
11
49
25
36
23
12
30
22
50
15
36
38
48
50
33
48
46
46
19
14
14
11
25
15
44
15
40
26
43
24
17
37
26
41
31
45
30
48
15
50
30
40
15
24
41
37
25
12
19
15
19
23
39
31
35
49
38
47
31
44
12
28
20
31
18
22
49
24
49
50
31
17
44
10
21
20
18
36
41
18
37
43
24
20
30
49
37
44
26
47
27
33
10
33
36
32
26
18
36
17
24
18
16
45
42
14
10
23
14
36
37
49
47
35
23
46
12
10
37
23
42
35
29
20
22
35
19
40
17
41
37
28
50
49
38
30
44
24
45
28
37
20
47
28
32
46
29
28
26
15
34
21
20
33
47
47
32
27
40
12
27
34
30
16
26
33
39
22
43
29
39
39
21
11
12
11
31
41
38
49
16
13
12
29
33
13
29
50
12
28
44
26
45
25
11
44
38
15
18
40
12
24
24
34
41
39
39
18
41
27
49
45
18
48
28
25
15
13
29
33
47
29
38
17
13
48
30
17
45
17
10
13
20
14
17
12
49
15
46
37
42
31
38
48
23
10
48
43
38
19
26
43
23
41
11
29
42
42
23
11
41
44
27
29
33
39
43
40
44
34
44
29
17
46
32
27
34
50
21
16
42
43
34
45
38
11
24
28
48
16
10
41
10
23
49
28
15
41
24
14
17
14
32
43
48
47
38
38
46
13
42
46
36
43
26
42
50
48
15
34
35
34
21
20
22
10
14
43
41
19
37
46
26
40
37
35
43
33
15
14
45
15
13
22
44
38
26
50
41
42
33
21
33
29
28
46
17
10
17
11
37
26
33
35
32
26
22
33
12
49
23
43
18
48
11
29
48
47
46
49
34
11
18
47
23
26
40
19
49
50
28
49
19
26
12
38
21
22
30
19
11
24
42
11
34
25
48
27
31
13
39
44
21
10
11
49
29
42
36
10
18
38
19
15
11
49
48
32
41
11
43
37
23
38
41
34
43
22
14
14
22
40
15
12
43
44
10
36
19
33
42
15
33
28
33
41
13
37
45
12
37
33
14
30
44
13
47
46
11
47
42
48
46
12
25
12
47
31
34
11
30
10
16
25
43
24
28
46
26
41
14
15
45
22
27
23
34
12
34
27
36
50
19
19
12
25
13
21
28
15
23
12
23
41
14
11
32
22
17
29
18
13
35
13
20
43
47
29
20
38
14
20
20
28
20
32
32
15
49
41
38
26
27
17
32
46
29
30
20
39
28
21
48
45
18
39
16
43
31
24
16
36
39
16
47
48
16
40
35
47
50
19
28
47
18
27
41
50
29
21
30
27
30
28
44
17
38
23
46
30
38
50
12
10
37
12
26
24
37
30
29
46
11
45
17
25
50
42
49
12
41
12
19
48
16
39
26
40
22
33
29
14
14
48
37
46
29
45
23
30
35
26
16
39
15
12
37
21
18
11
35
30
40
29
14
38
48
25
17
45
39
36
29
37
20
34
47
30
36
25
48
34
18
18
32
43
50
17
25
36
29
17
14
17
15
49
25
47
30
31
19
16
30
23
31
39
20
12
19
19
44
41
12
33
35
34
30
42
50
50
39
24
10
14
37
41
12
50
41
47
25
19
19
29
28
42
30
47
33
31
41
15
27
39
41
48
44
48
49
19
10
16
12
30
15
18
47
29
39
46
46
49
44
50
16
13
35
44
47
35
13
32
13
15
11
36
36
17
27
23
28
13
17
30
49
42
45
35
15
16
43
47
39
38
32
16
50
50