33
27
29
28
30
39
23
36
34
32
50
44
50
22
22
46
29
29
11
50
34
26
49
16
31
26
22
11
21
18
28
25
22
42
14
34
41
13
20
14
11
18
36
46
29
20
50
34
41
43
27
26
41
43
33
34
41
48
44
19
46
46
48
35
29
22
50
37
25
42
46
14
41
25
30
33
20
34
15
34
38
14
32
37
47
31
31
22
10
13
30
29
33
18
44
19
50
12
24
46
48
50
17
12
24
42
35
28
16
40
43
32
16
16
46
38
44
28
20
46
21
31
39
26
31
10
18
39
40
32
11
36
49
43
28
44
37
39
13
47
21
37
35
24
20
29
48
29
10
44
19
12
49
17
24
18
19
40
11
25
19
32
43
34
49
16
25
22
30
22
34
45
48
32
39
25
11
12
21
41
30
48
18
14
13
30
30
15
24
21
44
36
12
45
29
15
18
11
43
25
36
40
41
37
45
28
10
27
42
12
22
23
40
28
46
26
40
26
44
14
11
38
38
31
34
10
18
29
41
34
28
24
20
47
12
23
38
27
25
20
33
10
48
41
47
17
49
12
34
38
28
12
31
35
38
48
45
45
45
38
23
11
24
14
25
25
23
12
37
38
21
38
41
42
32
44
50
22
32
20
45
29
13
22
14
34
45
10
20
21
27
13
10
29
20
17
24
36
23
36
47
43
23
45
15
26
10
21
26
48
35
30
47
48
31
34
36
20
37
50
11
12
39
14
27
29
48
22
32
11
29
47
12
10
30
44
32
25
24
49
33
25
13
12
18
46
49
21
36
33
46
45
14
45
37
21
28
50
43
15
11
48
19
18
45
23
42
27
11
42
25
48
35
41
49
16
37
10
22
38
25
12
46
26
25
18
17
20
19
25
48
31
38
46
47
48
29
49
22
19
16
12
39
35
43
13
48
48
50
48
18
23
28
25
27
17
47
15
15
27
27
41
15
11
28
35
34
27
45
15
26
48
30
46
31
21
43
11
34
34
15
18
14
50
10
13
15
25
21
12
31
21
16
45
41
43
18
28
42
28
41
22
10
43
29
35
44
13
40
34
13
28
16
10
41
15
47
32
35
12
17
32
49
21
47
16
47
49
44
29
32
12
30
41
21
35
31
46
47
44
40
33
50
31
45
35
13
21
31
48
27
45
47
11
41
50
30
13
36
37
18
29
43
35
22
34
11
40
19
44
19
27
21
28
31
26
39
38
18
14
33
19
40
15
21
21
36
37
40
13
11
34
17
13
22
27
32
47
21
11
18
17
29
14
40
11
44
48
33
13
47
31
18
27
15
24
34
39
47
28
20
40
27
26
24
19
48
10
38
13
27
28
47
27
35
29
37
15
27
49
18
39
12
12
33
18
47
44
18
38
40
27
30
25
16
38
21
33
38
20
27
36
26
27
10
26
38
13
36
11
20
48
35
35
36
47
36
48
31
33
39
22
28
24
47
47
43
43
15
18
50
36
11
14
15
34
50
35
17
13
45
42
25
28
35
42
37
26
43
38
26
26
38
31
37
22
33
47
19
37
22
11
24
34
44
16
49
31
40
32
34
38
13
41
23
34
17
19
49
18
43
17
45
27
12
44
42
22
16
45
23
47
10
44
33
48
41
38
43
29
27
10
47
40
49
25
25
23
21
26
21
26
41
10
39
13
49
21
31
30
36
35
13
45
12
47
36
42
17
10