45
41
11
24
45
22
10
34
17
13
18
27
38
16
42
23
12
15
43
42
38
35
35
38
21
19
36
33
45
45
43
38
42
38
41
41
38
44
22
48
39
11
20
21
34
36
33
42
43
49
22
29
19
29
23
23
42
42
31
14
41
10
31
40
26
31
16
31
30
17
39
31
25
37
45
42
28
49
46
50
31
34
44
39
17
36
49
50
22
19
45
30
29
49
19
41
13
15
26
42
38
31
41
43
27
26
28
21
47
15
27
15
30
30
27
44
47
22
40
25
46
48
49
17
26
12
45
48
27
22
28
15
45
22
49
29
11
22
22
28
34
14
23
38
22
48
29
44
47
37
13
11
14
30
37
40
46
34
36
39
27
42
42
14
29
26
32
49
24
37
33
33
21
39
27
48
43
46
15
30
24
47
42
49
33
37
38
26
39
32
18
25
23
37
42
30
19
11
20
26
44
28
33
47
26
43
33
46
26
21
42
48
27
39
28
48
12
13
50
18
47
10
41
48
22
37
47
20
23
50
29
34
21
40
21
24
11
48
18
10
47
19
44
43
28
39
22
18
10
46
50
23
34
45
40
32
41
50
50
45
48
37
21
27
41
30
20
24
49
48
46
36
20
25
45
24
15
34
26
39
11
28
11
30
13
46
10
21
11
17
43
50
50
15
14
13
36
30
34
12
42
40
22
20
14
12
14
19
17
34
30
36
12
49
37
42
32
32
45
18
28
32
43
42
45
11
41
41
38
10
29
50
29
42
49
31
42
27
24
40
17
20
18
19
34
44
35
32
34
27
12
26
45
28
20
40
41
11
12
45
35
35
35
43
10
12
44
42
25
44
11
38
15
43
37
14
35
29
34
38
40
18
11
26
39
45
49
18
23
42
42
33
23
43
41
24
39
39
42
15
35
21
42
25
39
32
46
15
45
27
15
17
19
31
30
13
44
32
30
42
47
44
45
40
27
32
23
11
46
47
43
44
20
13
24
28
35
36
29
50
40
18
40
34
13
21
22
42
18
15
50
13
49
11
48
14
22
27
31
39
27
25
23
37
43
46
30
29
16
27
28
44
39
29
47
24
12
33
35
13
13
15
42
45
48
12
11
23
11
38
32
35
42
45
33
24
34
24
36
26
22
15
14
47
18
35
13
14
17
50
14
20
34
44
13
35
32
20
36
26
44
34
45
33
46
39
45
10
27
25
40
29
13
11
35
26
44
14
23
16
48
38
30
12
27
35
42
20
26
47
19
35
38
32
42
17
33
18
50
26
37
13
45
30
22
27
48
46
25
20
33
28
28
30
46
47
10
44
13
19
31
21
37
38
39
40
47
26
24
43
47
17
27
20
32
31
44
27
21
41
10
21
43
14
48
22
48
26
43
17
10
40
11
46
49
20
26
12
21
50
13
48
18
19
17
27
11
12
36
29
36
38
17
31
40
38
36
16
19
46
20
44
33
44
36
28
43
16
35
38
24
17
38
24
20
29
15
23
10
25
33
25
21
25
25
14
49
28
15
44
21
21
21
28
49
46
27
33
28
22
11
10
26
13
41
50
29
18
33
21
42
18
22
39
46
40
29
30
27
41
48
26
32
34
26
41
40
34
11
13
27
26
36
36
12
35
25
40
43
41
16
26
22
38
12
12
34
33
23
39
15
21
48
25
48
14
17
14
19
34
22
14
32
11
47
10
46
30
11
16
16
20
48
40
32
39
28
18
48
32
44
42
45
50
45
47
24
31
47
25
15
36
50
17
48
24
24
33
17
11
24
45
50
49
50
15
18
48
45
18
42
33
30
26
29
18
42
38
11
43