23
33
41
18
45
18
25
26
20
24
13
39
23
49
30
49
48
24
24
40
35
12
10
40
22
20
11
12
24
33
22
18
35
24
28
29
24
25
50
35
45
21
39
17
42
18
46
34
36
14
27
48
27
11
18
45
46
39
35
37
17
31
33
21
35
28
17
46
15
26
40
21
36
23
28
10
48
21
46
15
17
39
25
20
31
22
47
44
11
46
25
29
21
44
19
36
24
29
17
32
31
32
42
49
47
21
31
26
46
14
48
34
25
37
21
29
10
41
23
46
12
47
39
28
26
42
34
34
11
26
21
11
26
27
29
31
14
50
36
32
10
38
10
35
31
32
23
37
37
20
45
33
48
36
39
35
12
16
47
31
33
13
26
42
39
45
12
38
12
20
19
20
37
42
20
18
17
21
33
28
29
10
16
42
16
44
18
47
30
20
46
41
37
41
41
13
11
31
47
43
35
42
19
20
46
10
18
48
14
46
15
13
22
17
26
38
32
11
39
35
37
14
42
35
12
30
24
40
48
15
15
42
24
30
15
14
47
42
31
27
23
27
29
19
49
46
40
39
30
30
17
32
26
26
14
34
26
42
20
26
29
14
42
26
39
28
31
10
13
35
13
24
17
14
42
26
40
41
24
36
36
16
48
33
23
10
17
33
28
31
16
13
38
20
31
29
48
20
46
42
46
20
39
45
22
41
14
23
24
46
45
16
39
41
13
16
32
33
30
13
45
37
21
21
43
30
21
40
37
32
44
43
24
19
46
50
32
42
20
25
34
19
35
30
38
32
50
15
40
31
37
18
10
20
41
29
49
37
32
21
49
44
34
10
27
11
48
47
14
37
40
36
10
42
10
11
21
33
35
44
27
16
25
11
23
43
49
20
10
41
37
30
29
15
40
33
43
26
41
11
31
11
32
15
25
33
31
23
35
49
48
19
48
20
13
23
48
46
18
28
43
31
28
11
17
30
14
18
10
40
49
38
32
47
44
10
16
18
41
15
24
28
40
47
50
21
28
31
23
21
30
42
33
27
27
10
34
31
22
39
29
42
37
12
17
33
11
17
14
11
19
29
25
27
49
23
33
35
45
46
21
38
42
32
19
31
45
27
11
28
15
43
49
33
33
33
44
41
41
50
43
46
40
39
25
47
40
44
28
45
40
33
24
49
22
14
22
13
19
49
14
49
36
27
44
36
22
37
23
15
10
22
32
31
19
50
21
41
42
35
42
34
46
14
47
11
19
15
42
47
49
39
24
12
17
49
50
29
25
33
49
18
41
13
29
11
19
34
15
32
11
27
33
37
44
15
39
40
43
10
41
45
33
21
50
46
21
33
13
31
40
47
16
18
30
39
24
36
34
37
40
25
20
45
33
21
50
24
38
40
46
37
34
15
22
30
22
28
43
36
35
27
15
40
46
23
22
17
41
26
44
17
10
50
12
36
29
33
36
14
47
14
15
47
19
37
15
41
30
20
22
42
11
14
43
31
35
44
47
11
13
35
33
22
48
43
13
23
11
24
46
43
28
15
18
26
15
24
27
20
11
33
35
34
14
18
25
45
22
11
31
39
17
48
15
23
31
45
19
19
20
43
10
41
14
45
29
13
18
38
31
20
29
44
11
43
29
12
38
13
32
49
33
13
14
41
36
37
19
43
40
49
42
24
32
13
32
29
50
13
38
39
17
24
38
24
35
49
33
42
47
48
39
13
14
34
48
30
13
19
28
15
45
21
24
25
46
37
24
21
47
46
37
20
20
33
25
23
37
30
50
12
35
42
16
14
41
40
47
37
21
42
23
23
30
35
19
34
44
46
11
32
24
12
33
34
21
14
43
29
19
30
39
27
18
17
25
22
14
31
11
18
17
38
17
44
44
10
22
42
34
34
41
50
13
29
45
15
16
22
11
24
15
27
41
34
45
25
42
34
48
37
42
29
25
23
13
35
35
38
28
49
14
50
35
23
44
17
29
36
42
50
46
29
19
20
40
31
15
20
18
16
42
17
33
34
10
44
34
32
28
44
27
19
37
24
43
11
25
35
28
26
19
13
18
13
30
32
10
31
12
15
31
24
12
27
46
38
19
27
16
18
29
42
24
20
38
38
31
19
50
24
39
15
32
10
47
44
19
34
19
48
13
28
48
29
33
49
35
28
33
42
24
28
14
39
28
37
19
29
21
50
32
26
21
33
42
13
10
30
46
31
10
46
36
22
31
15
35
45
13
40
32
37
33
47
46
40
43
23
32
36
30
48
48
40
37
49
44
34
31
41
25
45
28
45
19
45
31
38
15
49
12
13
32
19
36
47
42
30
29
24
46
13
25
32
34
15
11
25
17
35
16
23
44
37
25
26
31
17
13
13
50
22
50
10
18
13
19
43
11
48
23
45
30
45
29
33
42
10
33
11
26
40
42
42
13
47
45
25
47
19
46
10
30
26
25
16
40
21
31
41
11
20
26
50
23
22
12
16
27
39
31
19
35
42
47
27
41
37
29
19
21
22
46
49
26
29
29
19
28
43
44
27
17
26
22
19
49
10
26
20
26
15
32
27
29
43
39
30
44
26
50
10
30
43
46
50
16
34
11
48
20
33
36
27
21
29
27
32
14
24
39
25
23
39
18
14
50
18
34
32
33
26
15
36
30
31
32
24
35
50
47
17
43
38
32
45
14
23
38
10
18
17
18
34
40
32
13
30
34
29
44
32
30
23
39
37
36
45
33
41
16
20
32
34
35
20
46
47
28
25
45
18
29
11
20
29
12
13
17
22
10
17
35
29
47
17
22
42
11
39
32
13
22
33
21
40
13
31
15
11
15
31
46
29
23
20
50
49
25
22
24
15
48
33
23
20
16
23
39
21
47
41
17
47
41
38
26
27
49
30
35
23
22
50
18
11
40
43
16
25
26
22
30
43
20
10
27
38
35
19
20
40
42
25
16
18
46
35
40
38
25
44
48
48
42
37
29
12
21
48
44
20
17
49
32
27
18
29
31
46
49
46
33
24
32
30
19
28
31
21
42
19
13
35
41
16
35
46
24
20
37
40
23
22
48
11
10
47
23
15
49
41
25
48
48
46
16
44
44
48
37
34
35
10
50
47
26
47
33
31
20
37
15
22
12
48
18
48
36
50
33
42
29
25
25
21
35
49
39
36
36
28
44
44
47
19
39
33
32
24
28
26
27
32
13
20
33
17
38
31
18
10
24
26
21
27
48
28
23
45
46
22
13
14
18
12
24
37
20
25
23
38
15
46
39
39
35
39
46
19
37
26
24
19
49
34
47
25
39
16
43
14
46
22
15
44
11
20
38
19
19
14
46
21
14
25
23
33
38
36
18
22
19
18
48
22
17
14
17
24
22
48
49
30
11
28
23
21
33
38
45
16
13
23
12
10
29
50
47
12
38
42
12
32
19
45
44
12
46
25
40
48
33
27
35
41
43
33
41
23
18
19
34
27
25
20
16
28
30
40
46
32
20
35
20
10
39
21
10
35
43
49
24
37
50
13
24
17
33
13
13
22
40
41
42
39
22
34
49
36
22
26
46
48
14
49
20
38
43
40
31
18
37
42
18
23
42
33
35
42
47
15
24
16
17
32
31
27
44
43
40
16
41
10
32
31
42
12
46
19
45
30
38
18
31
38
37
50
37
12
27
35
49
26
47
39
33
46
39
35
44
10
11
33
36
10
27
23
46
31
18
43
40
28
22
40
28
14
23
25
22
46
18
40
38
24
50
29
34
12
41
26
48
43
19
11
19
26
46
38
10
43
35
15
26
15
28
10
32
32
15
13
33
28
19
14
31
37
46
11
34
14
36
19
10
23
43
35
36
39
45
26
13
43
35
10
21
17
36
34
16
49
31
29
26
43
32
30
16
48
40
38
34
14
33
39
22
33
18
17
43
28
41
43
26
16
25
31
26
34
27
45
46
21
29
34
50
49
49
17
32
47
11
37
36
29
35
31
35
46
40
14
34
34
38
21
31
25
29
50
12
26
41
40
17
46
14
22
50
35
39
14
26
28
10
48
32
48
34
36
27
37
38
33
50
29
18
24
38
30
10
48
19
43
36
16
35
39
22
15
41
12
25
41
31
21
47
41
11
49
28
45
44
30
43
37
50
11
46
40
36
41
16
42
44
50
28
13
46
15
35
40
18
15
12
30
17
31
29
32
30
49
50
44
46
17
46
19
48
22
31
26
47
33
26
44
31
18
46
49
24
26
30
45
44
45
40
21
39
25
21
31
12
26
33
47
25
50
44
17
49
21
33
34
39
34
31
16
47
46
25
29
50
24
13
27
13
49
37
42
28
29
40
15
26
31
36
16
28
38
41
45
13
17
46
49
28
33
25
26
42
35
45
24
19
43
16
33
31
44
26
17
10
15
49
47
14
32
39
50
34
46
28
35
42
39
37
42
18
34
11
43
12
44
46
38
48
25
22
41
13
27
48
35
43
17
47
39
20
42
36
29
17
26
15
50
27
14
19
39
19
36
50
26
50
48
47
17
19
44
35
40
19
17
22
23
48
26